document 0 : 0.0971153846154 0.1163461538462 0.1355769230769 0.0201923076923 0.2028846153846 0.2317307692308 0.0971153846154 0.0778846153846 0.0057692307692 0.0153846153846
document 1 : 0.0423529411765 0.0129411764706 0.2070588235294 0.0717647058824 0.0717647058824 0.0305882352941 0.1011764705882 0.0011764705882 0.1129411764706 0.3482352941176
document 2 : 0.2290322580645 0.1000000000000 0.1483870967742 0.0516129032258 0.1645161290323 0.0032258064516 0.0354838709677 0.0516129032258 0.2129032258065 0.0032258064516
document 3 : 0.2119266055046 0.1522935779817 0.0009174311927 0.0009174311927 0.0697247706422 0.0972477064220 0.1522935779817 0.1706422018349 0.1018348623853 0.0422018348624
document 4 : 0.2553846153846 0.1015384615385 0.2707692307692 0.0784615384615 0.0246153846154 0.0015384615385 0.2092307692308 0.0400000000000 0.0169230769231 0.0015384615385
document 5 : 0.1593495934959 0.2162601626016 0.0333333333333 0.2000000000000 0.0658536585366 0.0739837398374 0.0739837398374 0.0008130081301 0.1105691056911 0.0658536585366
document 6 : 0.0010416666667 0.0791666666667 0.0791666666667 0.0010416666667 0.2093750000000 0.0375000000000 0.2197916666667 0.2093750000000 0.0479166666667 0.1156250000000
document 7 : 0.0476923076923 0.1323076923077 0.2169230769231 0.2015384615385 0.0861538461538 0.0400000000000 0.0476923076923 0.0169230769231 0.0861538461538 0.1246153846154
document 8 : 0.1981651376147 0.1201834862385 0.1522935779817 0.0788990825688 0.0926605504587 0.0009174311927 0.0651376146789 0.1844036697248 0.0055045871560 0.1018348623853
document 9 : 0.0523364485981 0.2392523364486 0.1738317757009 0.0009345794393 0.0196261682243 0.1738317757009 0.0803738317757 0.0009345794393 0.0102803738318 0.2485981308411
document 10 : 0.1344827586207 0.0870689655172 0.0008620689655 0.1646551724138 0.0094827586207 0.1344827586207 0.0008620689655 0.2206896551724 0.1474137931034 0.1000000000000
document 11 : 0.0394230769231 0.0778846153846 0.1932692307692 0.1451923076923 0.0923076923077 0.1500000000000 0.0394230769231 0.1836538461538 0.0538461538462 0.0250000000000
document 12 : 0.2509615384615 0.0826923076923 0.0538461538462 0.0009615384615 0.0394230769231 0.1548076923077 0.1259615384615 0.1163461538462 0.0875000000000 0.0875000000000
document 13 : 0.0018181818182 0.1745454545455 0.0018181818182 0.3563636363636 0.0563636363636 0.0018181818182 0.0200000000000 0.3290909090909 0.0563636363636 0.0018181818182
document 14 : 0.0009009009009 0.0504504504505 0.1045045045045 0.2711711711712 0.2756756756757 0.1315315315315 0.0594594594595 0.0279279279279 0.0774774774775 0.0009009009009
document 15 : 0.0020408163265 0.0122448979592 0.4306122448980 0.0938775510204 0.0122448979592 0.1142857142857 0.0224489795918 0.0020408163265 0.0020408163265 0.3081632653061
document 16 : 0.2589473684211 0.1431578947368 0.0010526315789 0.1378947368421 0.1852631578947 0.0642105263158 0.0852631578947 0.0010526315789 0.1221052631579 0.0010526315789
document 17 : 0.0021739130435 0.2304347826087 0.1434782608696 0.0673913043478 0.0891304347826 0.1108695652174 0.0130434782609 0.0565217391304 0.2739130434783 0.0130434782609
document 18 : 0.0274336283186 0.2752212389381 0.0274336283186 0.2353982300885 0.1336283185841 0.0318584070796 0.0053097345133 0.1734513274336 0.0893805309735 0.0008849557522
document 19 : 0.4349397590361 0.0795180722892 0.0012048192771 0.0674698795181 0.0795180722892 0.0975903614458 0.0132530120482 0.0373493975904 0.0313253012048 0.1578313253012
document 20 : 0.1029126213592 0.0058252427184 0.1417475728155 0.0009708737864 0.1563106796117 0.1368932038835 0.1757281553398 0.0398058252427 0.2097087378641 0.0300970873786
document 21 : 0.4413793103448 0.0017241379310 0.0534482758621 0.1913793103448 0.0362068965517 0.0275862068966 0.2086206896552 0.0017241379310 0.0275862068966 0.0103448275862
document 22 : 0.0025641025641 0.1820512820513 0.3743589743590 0.0025641025641 0.0538461538462 0.1179487179487 0.0025641025641 0.2589743589744 0.0025641025641 0.0025641025641
document 23 : 0.0011494252874 0.0241379310345 0.0011494252874 0.0873563218391 0.1333333333333 0.0586206896552 0.4551724137931 0.0011494252874 0.1390804597701 0.0988505747126
document 24 : 0.0410714285714 0.0366071428571 0.0008928571429 0.2419642857143 0.1214285714286 0.1526785714286 0.2419642857143 0.1080357142857 0.0366071428571 0.0187500000000
document 25 : 0.0027777777778 0.0027777777778 0.4888888888889 0.0027777777778 0.0027777777778 0.0583333333333 0.0583333333333 0.0027777777778 0.3777777777778 0.0027777777778
document 26 : 0.1224299065421 0.0897196261682 0.0757009345794 0.2065420560748 0.0570093457944 0.0943925233645 0.0850467289720 0.0523364485981 0.1130841121495 0.1037383177570
document 27 : 0.0470588235294 0.2823529411765 0.5323529411765 0.0029411764706 0.0911764705882 0.0176470588235 0.0029411764706 0.0176470588235 0.0029411764706 0.0029411764706
document 28 : 0.0464285714286 0.4660714285714 0.0017857142857 0.0017857142857 0.0017857142857 0.0017857142857 0.1178571428571 0.1892857142857 0.1714285714286 0.0017857142857
document 29 : 0.0098360655738 0.0754098360656 0.3213114754098 0.0836065573770 0.0426229508197 0.0016393442623 0.0016393442623 0.4196721311475 0.0426229508197 0.0016393442623
document 30 : 0.0552631578947 0.0026315789474 0.0026315789474 0.0026315789474 0.0684210526316 0.1342105263158 0.0684210526316 0.2657894736842 0.0026315789474 0.3973684210526
document 31 : 0.1484210526316 0.1326315789474 0.1536842105263 0.0273684210526 0.0010526315789 0.0273684210526 0.2747368421053 0.0221052631579 0.0589473684211 0.1536842105263
document 32 : 0.0914893617021 0.0595744680851 0.0808510638298 0.0117021276596 0.2138297872340 0.0861702127660 0.0276595744681 0.1819148936170 0.1074468085106 0.1393617021277
document 33 : 0.0027777777778 0.0027777777778 0.1972222222222 0.0861111111111 0.0027777777778 0.0027777777778 0.0166666666667 0.0027777777778 0.4194444444444 0.2666666666667
document 34 : 0.0016129032258 0.1387096774194 0.2032258064516 0.0741935483871 0.0016129032258 0.0016129032258 0.0016129032258 0.0338709677419 0.4048387096774 0.1387096774194
document 35 : 0.0348314606742 0.2820224719101 0.0460674157303 0.0011235955056 0.1921348314607 0.1584269662921 0.0516853932584 0.0067415730337 0.1865168539326 0.0404494382022
document 36 : 0.0602150537634 0.1408602150538 0.1247311827957 0.0010752688172 0.1569892473118 0.0010752688172 0.1784946236559 0.2215053763441 0.0548387096774 0.0602150537634
document 37 : 0.0549019607843 0.0009803921569 0.0941176470588 0.1872549019608 0.1284313725490 0.1431372549020 0.0450980392157 0.2117647058824 0.0009803921569 0.1333333333333
document 38 : 0.0229166666667 0.4291666666667 0.0020833333333 0.1375000000000 0.0958333333333 0.1479166666667 0.1166666666667 0.0020833333333 0.0333333333333 0.0125000000000
document 39 : 0.0826086956522 0.0445652173913 0.2347826086957 0.1423913043478 0.0010869565217 0.1260869565217 0.1750000000000 0.0173913043478 0.0934782608696 0.0826086956522
document 40 : 0.1414062500000 0.1648437500000 0.1023437500000 0.1492187500000 0.1218750000000 0.1062500000000 0.0632812500000 0.0750000000000 0.0007812500000 0.0750000000000
document 41 : 0.1469026548673 0.1469026548673 0.1557522123894 0.0230088495575 0.1424778761062 0.1292035398230 0.1247787610619 0.0097345132743 0.1159292035398 0.0053097345133
document 42 : 0.0034482758621 0.2448275862069 0.0034482758621 0.0379310344828 0.2965517241379 0.1413793103448 0.0034482758621 0.2448275862069 0.0034482758621 0.0206896551724
document 43 : 0.1295238095238 0.1485714285714 0.0009523809524 0.0485714285714 0.0580952380952 0.3438095238095 0.0676190476190 0.0676190476190 0.1247619047619 0.0104761904762
document 44 : 0.4000000000000 0.0018518518519 0.0018518518519 0.0018518518519 0.0018518518519 0.2796296296296 0.0111111111111 0.0944444444444 0.0388888888889 0.1685185185185
document 45 : 0.2060000000000 0.0010000000000 0.0060000000000 0.0210000000000 0.1960000000000 0.0360000000000 0.2660000000000 0.0810000000000 0.0760000000000 0.1110000000000
document 46 : 0.0011235955056 0.0348314606742 0.1471910112360 0.1359550561798 0.1022471910112 0.0404494382022 0.0573033707865 0.0573033707865 0.2033707865169 0.2202247191011
document 47 : 0.0689320388350 0.0786407766990 0.1368932038835 0.2242718446602 0.0349514563107 0.0300970873786 0.1757281553398 0.0203883495146 0.0737864077670 0.1563106796117
document 48 : 0.0538461538462 0.0025641025641 0.0025641025641 0.2846153846154 0.0025641025641 0.0025641025641 0.0025641025641 0.2717948717949 0.3743589743590 0.0025641025641
document 49 : 0.0563636363636 0.0109090909091 0.0018181818182 0.0290909090909 0.1745454545455 0.4745454545455 0.0654545454545 0.1472727272727 0.0381818181818 0.0018181818182
document 50 : 0.0018518518519 0.2240740740741 0.0111111111111 0.1222222222222 0.2518518518519 0.0018518518519 0.2888888888889 0.0018518518519 0.0018518518519 0.0944444444444
document 51 : 0.0096774193548 0.1225806451613 0.1548387096774 0.0016129032258 0.0661290322581 0.4048387096774 0.1145161290323 0.0016129032258 0.0016129032258 0.1225806451613
document 52 : 0.0791666666667 0.0010416666667 0.2302083333333 0.0843750000000 0.0427083333333 0.1364583333333 0.0947916666667 0.0010416666667 0.1520833333333 0.1781250000000
document 53 : 0.0490384615385 0.0057692307692 0.1163461538462 0.0490384615385 0.0346153846154 0.2605769230769 0.0586538461538 0.0634615384615 0.2557692307692 0.1067307692308
document 54 : 0.1368932038835 0.0009708737864 0.2339805825243 0.1951456310680 0.0058252427184 0.1466019417476 0.0640776699029 0.1223300970874 0.0300970873786 0.0640776699029
document 55 : 0.1182608695652 0.2486956521739 0.0530434782609 0.0486956521739 0.1052173913043 0.1095652173913 0.0878260869565 0.1530434782609 0.0008695652174 0.0747826086957
document 56 : 0.2805555555556 0.2250000000000 0.0027777777778 0.0305555555556 0.0027777777778 0.1972222222222 0.2388888888889 0.0027777777778 0.0027777777778 0.0166666666667
document 57 : 0.0857142857143 0.1616071428571 0.0187500000000 0.1303571428571 0.1214285714286 0.0053571428571 0.1526785714286 0.0008928571429 0.2419642857143 0.0812500000000
document 58 : 0.1902912621359 0.2388349514563 0.0932038834951 0.0495145631068 0.2436893203883 0.0349514563107 0.0737864077670 0.0106796116505 0.0009708737864 0.0640776699029
document 59 : 0.2000000000000 0.1230769230769 0.0076923076923 0.3923076923077 0.0076923076923 0.0076923076923 0.0076923076923 0.2384615384615 0.0076923076923 0.0076923076923
document 60 : 0.5100000000000 0.0100000000000 0.2100000000000 0.0100000000000 0.2100000000000 0.0100000000000 0.0100000000000 0.0100000000000 0.0100000000000 0.0100000000000
document 61 : 0.0745098039216 0.0254901960784 0.1333333333333 0.2460784313725 0.0303921568627 0.0794117647059 0.0843137254902 0.0794117647059 0.1186274509804 0.1284313725490
document 62 : 0.1303370786517 0.0910112359551 0.0573033707865 0.1359550561798 0.1865168539326 0.1640449438202 0.0011235955056 0.1022471910112 0.0011235955056 0.1303370786517
document 63 : 0.1067307692308 0.0201923076923 0.2028846153846 0.1596153846154 0.1067307692308 0.0442307692308 0.1259615384615 0.0009615384615 0.1548076923077 0.0778846153846
document 64 : 0.0678571428571 0.1125000000000 0.1035714285714 0.0053571428571 0.1660714285714 0.0098214285714 0.1750000000000 0.2196428571429 0.0857142857143 0.0544642857143
document 65 : 0.0539473684211 0.0013157894737 0.0013157894737 0.1526315789474 0.2184210526316 0.0013157894737 0.0868421052632 0.1986842105263 0.2250000000000 0.0605263157895
document 66 : 0.0436619718310 0.1000000000000 0.0718309859155 0.0014084507042 0.4028169014085 0.0014084507042 0.0014084507042 0.0436619718310 0.0647887323944 0.2690140845070
document 67 : 0.2027522935780 0.1201834862385 0.0880733944954 0.0009174311927 0.0926605504587 0.1981651376147 0.0055045871560 0.0880733944954 0.0422018348624 0.1614678899083
document 68 : 0.0765957446809 0.0978723404255 0.1085106382979 0.1723404255319 0.0021276595745 0.0021276595745 0.3000000000000 0.0127659574468 0.0765957446809 0.1510638297872
document 69 : 0.0018181818182 0.0381818181818 0.0018181818182 0.2472727272727 0.5745454545455 0.0109090909091 0.0200000000000 0.0381818181818 0.0018181818182 0.0654545454545
document 70 : 0.2122222222222 0.1066666666667 0.1177777777778 0.0011111111111 0.2177777777778 0.0844444444444 0.1122222222222 0.0011111111111 0.1233333333333 0.0233333333333
document 71 : 0.1039215686275 0.0205882352941 0.1480392156863 0.0696078431373 0.1186274509804 0.2362745098039 0.0990196078431 0.0892156862745 0.0009803921569 0.1137254901961
document 72 : 0.0362831858407 0.0318584070796 0.0230088495575 0.2265486725664 0.0407079646018 0.0008849557522 0.1601769911504 0.1026548672566 0.2796460176991 0.0982300884956
document 73 : 0.0538461538462 0.0025641025641 0.0025641025641 0.2076923076923 0.1307692307692 0.1692307692308 0.1307692307692 0.1820512820513 0.0025641025641 0.1179487179487
document 74 : 0.1657894736842 0.0736842105263 0.4223684210526 0.0013157894737 0.0013157894737 0.1855263157895 0.0802631578947 0.0013157894737 0.0013157894737 0.0671052631579
document 75 : 0.0015151515152 0.1378787878788 0.0015151515152 0.0015151515152 0.1075757575758 0.0090909090909 0.3575757575758 0.1530303030303 0.2060606060606 0.0242424242424
document 76 : 0.0213333333333 0.0013333333333 0.2013333333333 0.0013333333333 0.3213333333333 0.0213333333333 0.0680000000000 0.0546666666667 0.1080000000000 0.2013333333333
document 77 : 0.0031250000000 0.0968750000000 0.0187500000000 0.0187500000000 0.0031250000000 0.5031250000000 0.0968750000000 0.1125000000000 0.0031250000000 0.1437500000000
document 78 : 0.2125000000000 0.0490384615385 0.2221153846154 0.1115384615385 0.1548076923077 0.0778846153846 0.0009615384615 0.0009615384615 0.0730769230769 0.0971153846154
document 79 : 0.0705882352941 0.0019607843137 0.2274509803922 0.0019607843137 0.0411764705882 0.1196078431373 0.0019607843137 0.0019607843137 0.5313725490196 0.0019607843137
document 80 : 0.0253968253968 0.0650793650794 0.2000000000000 0.0015873015873 0.0095238095238 0.3111111111111 0.0730158730159 0.1206349206349 0.1761904761905 0.0174603174603
document 81 : 0.0059405940594 0.0059405940594 0.0801980198020 0.0801980198020 0.2683168316832 0.0207920792079 0.2039603960396 0.1891089108911 0.0702970297030 0.0752475247525
document 82 : 0.0026315789474 0.2394736842105 0.0026315789474 0.1736842105263 0.0684210526316 0.2526315789474 0.1078947368421 0.0947368421053 0.0026315789474 0.0552631578947
document 83 : 0.1619047619048 0.0309523809524 0.1083333333333 0.0011904761905 0.0488095238095 0.1738095238095 0.0011904761905 0.2333333333333 0.2333333333333 0.0071428571429
document 84 : 0.0040000000000 0.1440000000000 0.0240000000000 0.1240000000000 0.2440000000000 0.0040000000000 0.2240000000000 0.0040000000000 0.2240000000000 0.0040000000000
document 85 : 0.3050632911392 0.3936708860759 0.0012658227848 0.0012658227848 0.2037974683544 0.0012658227848 0.0012658227848 0.0898734177215 0.0012658227848 0.0012658227848
document 86 : 0.0734939759036 0.1277108433735 0.0072289156627 0.1879518072289 0.0433734939759 0.2361445783133 0.0012048192771 0.2301204819277 0.0734939759036 0.0192771084337
document 87 : 0.0464646464646 0.0010101010101 0.1272727272727 0.1676767676768 0.1222222222222 0.1727272727273 0.1272727272727 0.0262626262626 0.1070707070707 0.1020202020202
document 88 : 0.0040000000000 0.0640000000000 0.4240000000000 0.0040000000000 0.3440000000000 0.0840000000000 0.0040000000000 0.0040000000000 0.0040000000000 0.0640000000000
document 89 : 0.1489795918367 0.0163265306122 0.2765306122449 0.1744897959184 0.0010204081633 0.1795918367347 0.0010204081633 0.1132653061224 0.0010204081633 0.0877551020408
document 90 : 0.4169491525424 0.2389830508475 0.0016949152542 0.0016949152542 0.1033898305085 0.0864406779661 0.0355932203390 0.0949152542373 0.0016949152542 0.0186440677966
document 91 : 0.2508620689655 0.0008620689655 0.0698275862069 0.1474137931034 0.0439655172414 0.1129310344828 0.0827586206897 0.0267241379310 0.2077586206897 0.0568965517241
document 92 : 0.0477272727273 0.0363636363636 0.1840909090909 0.2181818181818 0.0363636363636 0.0931818181818 0.2636363636364 0.0704545454545 0.0022727272727 0.0477272727273
document 93 : 0.0018181818182 0.0200000000000 0.0472727272727 0.3200000000000 0.1200000000000 0.0018181818182 0.1290909090909 0.0018181818182 0.0381818181818 0.3200000000000
document 94 : 0.0017857142857 0.2250000000000 0.2160714285714 0.0017857142857 0.0017857142857 0.0017857142857 0.2785714285714 0.1178571428571 0.1357142857143 0.0196428571429
document 95 : 0.0489361702128 0.1712765957447 0.1659574468085 0.1021276595745 0.1074468085106 0.0914893617021 0.0010638297872 0.1127659574468 0.0010638297872 0.1978723404255
document 96 : 0.3091666666667 0.0050000000000 0.0008333333333 0.0758333333333 0.0258333333333 0.0550000000000 0.1425000000000 0.1758333333333 0.0883333333333 0.1216666666667
document 97 : 0.2944444444444 0.0027777777778 0.4472222222222 0.0583333333333 0.0305555555556 0.0027777777778 0.0861111111111 0.0027777777778 0.0027777777778 0.0722222222222
document 98 : 0.0023255813953 0.1767441860465 0.0023255813953 0.5372093023256 0.0023255813953 0.0023255813953 0.1186046511628 0.0023255813953 0.0023255813953 0.1534883720930
document 99 : 0.0966292134831 0.0235955056180 0.2314606741573 0.2202247191011 0.0460674157303 0.0011235955056 0.2876404494382 0.0910112359551 0.0011235955056 0.0011235955056
document 100 : 0.0023809523810 0.3357142857143 0.1690476190476 0.1571428571429 0.0380952380952 0.0023809523810 0.0023809523810 0.2285714285714 0.0619047619048 0.0023809523810
document 101 : 0.0016666666667 0.0183333333333 0.0266666666667 0.0016666666667 0.0016666666667 0.1766666666667 0.1350000000000 0.1766666666667 0.0600000000000 0.4016666666667
document 102 : 0.0096774193548 0.1064516129032 0.1548387096774 0.0016129032258 0.1064516129032 0.2354838709677 0.3645161290323 0.0096774193548 0.0096774193548 0.0016129032258
document 103 : 0.1067307692308 0.0298076923077 0.3471153846154 0.2413461538462 0.0538461538462 0.1259615384615 0.0009615384615 0.0923076923077 0.0009615384615 0.0009615384615
document 104 : 0.2088495575221 0.0008849557522 0.1026548672566 0.0362831858407 0.1026548672566 0.1469026548673 0.0053097345133 0.2088495575221 0.0628318584071 0.1247787610619
document 105 : 0.0672566371681 0.1690265486726 0.2132743362832 0.0938053097345 0.0053097345133 0.1115044247788 0.1070796460177 0.0584070796460 0.1513274336283 0.0230088495575
document 106 : 0.0025641025641 0.2974358974359 0.0025641025641 0.2846153846154 0.0025641025641 0.0923076923077 0.0282051282051 0.0025641025641 0.2846153846154 0.0025641025641
document 107 : 0.0031250000000 0.3937500000000 0.1281250000000 0.2531250000000 0.0031250000000 0.0031250000000 0.1593750000000 0.0031250000000 0.0500000000000 0.0031250000000
document 108 : 0.1970588235294 0.1039215686275 0.1284313725490 0.0647058823529 0.0794117647059 0.1333333333333 0.0990196078431 0.0107843137255 0.0647058823529 0.1186274509804
document 109 : 0.0139240506329 0.0708860759494 0.1594936708861 0.0012658227848 0.0962025316456 0.2291139240506 0.2227848101266 0.0012658227848 0.0898734177215 0.1151898734177
document 110 : 0.0009615384615 0.3278846153846 0.1355769230769 0.0105769230769 0.0826923076923 0.2557692307692 0.0105769230769 0.0009615384615 0.1451923076923 0.0298076923077
document 111 : 0.1221052631579 0.3694736842105 0.1378947368421 0.0010526315789 0.0010526315789 0.0852631578947 0.0010526315789 0.0010526315789 0.0484210526316 0.2326315789474
document 112 : 0.1259259259259 0.0935185185185 0.1074074074074 0.1537037037037 0.0796296296296 0.0703703703704 0.1907407407407 0.0009259259259 0.0657407407407 0.1120370370370
document 113 : 0.0019607843137 0.1882352941176 0.3058823529412 0.0019607843137 0.1196078431373 0.1098039215686 0.0411764705882 0.0509803921569 0.1686274509804 0.0117647058824
document 114 : 0.0536842105263 0.3063157894737 0.1273684210526 0.0063157894737 0.0747368421053 0.0852631578947 0.2589473684211 0.0115789473684 0.0747368421053 0.0010526315789
document 115 : 0.0027027027027 0.1378378378378 0.0027027027027 0.0027027027027 0.0162162162162 0.0027027027027 0.5297297297297 0.0567567567568 0.0027027027027 0.2459459459459
document 116 : 0.3101123595506 0.0011235955056 0.0011235955056 0.0629213483146 0.0516853932584 0.2595505617978 0.0685393258427 0.0685393258427 0.1752808988764 0.0011235955056
document 117 : 0.0738095238095 0.3238095238095 0.2404761904762 0.0023809523810 0.0738095238095 0.0261904761905 0.1452380952381 0.0023809523810 0.1095238095238 0.0023809523810
document 118 : 0.1090909090909 0.0601398601399 0.1755244755245 0.2104895104895 0.0881118881119 0.0076923076923 0.1230769230769 0.0496503496503 0.0636363636364 0.1125874125874
document 119 : 0.0422680412371 0.2020618556701 0.0010309278351 0.0216494845361 0.3000000000000 0.1505154639175 0.0010309278351 0.1917525773196 0.0113402061856 0.0783505154639
document 120 : 0.0062500000000 0.1260416666667 0.1989583333333 0.0947916666667 0.0010416666667 0.0687500000000 0.1572916666667 0.1729166666667 0.1572916666667 0.0166666666667
document 121 : 0.0737864077670 0.0009708737864 0.0737864077670 0.1951456310680 0.0009708737864 0.0009708737864 0.2291262135922 0.1757281553398 0.1514563106796 0.0980582524272
document 122 : 0.0022222222222 0.1133333333333 0.0022222222222 0.1577777777778 0.1466666666667 0.1022222222222 0.0133333333333 0.0022222222222 0.2800000000000 0.1800000000000
document 123 : 0.0017543859649 0.3438596491228 0.0017543859649 0.1421052631579 0.1070175438596 0.0017543859649 0.0017543859649 0.0017543859649 0.0017543859649 0.3964912280702
document 124 : 0.1438775510204 0.0010204081633 0.0724489795918 0.0418367346939 0.3122448979592 0.0010204081633 0.0724489795918 0.2918367346939 0.0622448979592 0.0010204081633
document 125 : 0.1431578947368 0.3168421052632 0.0747368421053 0.1221052631579 0.0378947368421 0.0168421052632 0.0852631578947 0.0010526315789 0.0431578947368 0.1589473684211
document 126 : 0.0019230769231 0.0307692307692 0.0019230769231 0.1076923076923 0.1076923076923 0.0692307692308 0.0019230769231 0.1942307692308 0.1653846153846 0.3192307692308
document 127 : 0.0045801526718 0.0465648854962 0.0580152671756 0.1610687022901 0.1954198473282 0.0007633587786 0.1916030534351 0.0007633587786 0.1534351145038 0.1877862595420
document 128 : 0.1133333333333 0.0022222222222 0.0022222222222 0.0022222222222 0.3244444444444 0.1244444444444 0.1577777777778 0.1688888888889 0.0688888888889 0.0355555555556
document 129 : 0.0022727272727 0.0590909090909 0.3431818181818 0.1954545454545 0.0022727272727 0.0022727272727 0.0250000000000 0.0250000000000 0.3431818181818 0.0022727272727
document 130 : 0.0320000000000 0.2320000000000 0.1320000000000 0.0120000000000 0.0720000000000 0.1520000000000 0.2820000000000 0.0020000000000 0.0320000000000 0.0520000000000
document 131 : 0.0400000000000 0.4525000000000 0.0025000000000 0.0025000000000 0.4275000000000 0.0275000000000 0.0025000000000 0.0275000000000 0.0150000000000 0.0025000000000
document 132 : 0.1482758620690 0.2517241379310 0.0017241379310 0.1051724137931 0.0017241379310 0.0017241379310 0.0017241379310 0.0448275862069 0.0017241379310 0.4413793103448
document 133 : 0.0020408163265 0.0734693877551 0.0020408163265 0.0428571428571 0.1040816326531 0.2163265306122 0.4000000000000 0.0020408163265 0.1551020408163 0.0020408163265
document 134 : 0.0015625000000 0.0953125000000 0.0328125000000 0.2359375000000 0.0015625000000 0.1265625000000 0.0171875000000 0.0015625000000 0.2984375000000 0.1890625000000
document 135 : 0.0009009009009 0.1180180180180 0.1630630630631 0.1540540540541 0.0954954954955 0.0459459459459 0.0009009009009 0.0009009009009 0.2981981981982 0.1225225225225
document 136 : 0.1243902439024 0.0146341463415 0.0024390243902 0.0024390243902 0.5146341463415 0.0024390243902 0.2463414634146 0.0390243902439 0.0512195121951 0.0024390243902
document 137 : 0.0009615384615 0.0009615384615 0.0634615384615 0.0009615384615 0.0250000000000 0.0682692307692 0.1788461538462 0.2173076923077 0.2990384615385 0.1451923076923
document 138 : 0.3060975609756 0.1414634146341 0.0804878048780 0.0804878048780 0.0012195121951 0.0560975609756 0.1841463414634 0.0012195121951 0.1475609756098 0.0012195121951
document 139 : 0.0326530612245 0.0836734693878 0.0020408163265 0.5632653061224 0.0020408163265 0.0632653061224 0.0326530612245 0.0530612244898 0.0632653061224 0.1040816326531
document 140 : 0.0177777777778 0.1288888888889 0.0844444444444 0.1011111111111 0.1455555555556 0.1511111111111 0.1733333333333 0.0177777777778 0.0733333333333 0.1066666666667
document 141 : 0.0709677419355 0.0064516129032 0.0709677419355 0.0064516129032 0.1462365591398 0.2860215053763 0.1569892473118 0.2000000000000 0.0548387096774 0.0010752688172
document 142 : 0.0013888888889 0.0013888888889 0.0708333333333 0.1958333333333 0.2652777777778 0.0013888888889 0.0013888888889 0.2027777777778 0.1402777777778 0.1194444444444
document 143 : 0.2062500000000 0.1437500000000 0.0991071428571 0.0008928571429 0.1303571428571 0.0455357142857 0.1125000000000 0.1928571428571 0.0678571428571 0.0008928571429
document 144 : 0.1804347826087 0.0065217391304 0.0228260869565 0.1478260869565 0.0880434782609 0.2184782608696 0.1586956521739 0.0119565217391 0.1586956521739 0.0065217391304
document 145 : 0.1065040650407 0.0373983739837 0.1390243902439 0.2000000000000 0.0455284552846 0.0983739837398 0.0739837398374 0.1065040650407 0.0333333333333 0.1593495934959
document 146 : 0.1657894736842 0.0342105263158 0.0934210526316 0.0144736842105 0.1197368421053 0.1723684210526 0.2447368421053 0.0868421052632 0.0013157894737 0.0671052631579
document 147 : 0.0193548387097 0.1483870967742 0.0032258064516 0.0032258064516 0.0354838709677 0.3096774193548 0.0032258064516 0.0516129032258 0.2129032258065 0.2129032258065
document 148 : 0.0058252427184 0.2242718446602 0.0592233009709 0.1757281553398 0.1126213592233 0.1417475728155 0.1223300970874 0.0009708737864 0.0689320388350 0.0883495145631
document 149 : 0.0009615384615 0.1644230769231 0.0250000000000 0.1788461538462 0.2365384615385 0.1548076923077 0.0057692307692 0.0346153846154 0.0778846153846 0.1211538461538
document 150 : 0.2256410256410 0.0782051282051 0.0910256410256 0.1038461538462 0.0012820512821 0.0461538461538 0.0846153846154 0.1487179487179 0.0397435897436 0.1807692307692
document 151 : 0.0058823529412 0.3000000000000 0.0058823529412 0.0058823529412 0.2705882352941 0.0058823529412 0.0058823529412 0.0058823529412 0.3882352941176 0.0058823529412
document 152 : 0.2817073170732 0.0439024390244 0.0073170731707 0.3487804878049 0.0439024390244 0.0012195121951 0.0012195121951 0.0073170731707 0.2146341463415 0.0500000000000
document 153 : 0.0975806451613 0.0814516129032 0.1016129032258 0.1137096774194 0.0975806451613 0.1298387096774 0.2145161290323 0.0088709677419 0.0774193548387 0.0774193548387
document 154 : 0.0616161616162 0.1424242424242 0.1323232323232 0.2030303030303 0.0010101010101 0.2131313131313 0.0161616161616 0.1474747474747 0.0767676767677 0.0060606060606
document 155 : 0.0014285714286 0.0514285714286 0.0800000000000 0.2228571428571 0.0228571428571 0.1942857142857 0.1157142857143 0.0085714285714 0.2728571428571 0.0300000000000
document 156 : 0.0500000000000 0.0045454545455 0.0045454545455 0.0727272727273 0.0045454545455 0.1181818181818 0.0045454545455 0.1181818181818 0.2318181818182 0.3909090909091
document 157 : 0.0687500000000 0.0062500000000 0.0687500000000 0.1260416666667 0.0375000000000 0.3135416666667 0.1104166666667 0.1572916666667 0.0010416666667 0.1104166666667
document 158 : 0.0356435643564 0.0009900990099 0.1891089108911 0.2089108910891 0.0455445544554 0.0801980198020 0.0752475247525 0.2039603960396 0.0851485148515 0.0752475247525
document 159 : 0.0018518518519 0.0111111111111 0.0018518518519 0.0666666666667 0.0388888888889 0.1500000000000 0.2703703703704 0.0018518518519 0.4555555555556 0.0018518518519
document 160 : 0.0009259259259 0.0101851851852 0.0425925925926 0.0796296296296 0.1120370370370 0.3111111111111 0.2092592592593 0.1444444444444 0.0888888888889 0.0009259259259
document 161 : 0.0564814814815 0.0750000000000 0.1074074074074 0.2092592592593 0.0009259259259 0.1583333333333 0.0472222222222 0.1907407407407 0.1351851851852 0.0194444444444
document 162 : 0.0820512820513 0.0863247863248 0.1034188034188 0.1461538461538 0.1717948717949 0.1076923076923 0.0008547008547 0.1931623931624 0.0435897435897 0.0649572649573
document 163 : 0.0439655172414 0.0396551724138 0.1344827586207 0.1732758620690 0.0008620689655 0.2077586206897 0.2077586206897 0.0008620689655 0.1905172413793 0.0008620689655
document 164 : 0.2151515151515 0.0030303030303 0.0030303030303 0.0030303030303 0.5636363636364 0.0030303030303 0.0484848484848 0.0636363636364 0.0939393939394 0.0030303030303
document 165 : 0.0012500000000 0.0012500000000 0.0012500000000 0.0700000000000 0.1637500000000 0.2325000000000 0.1137500000000 0.0825000000000 0.0075000000000 0.3262500000000
document 166 : 0.1647058823529 0.1394957983193 0.0512605042017 0.0680672268908 0.0050420168067 0.1352941176471 0.1184873949580 0.0974789915966 0.0890756302521 0.1310924369748
document 167 : 0.1015384615385 0.0861538461538 0.2169230769231 0.1784615384615 0.0015384615385 0.0015384615385 0.0784615384615 0.0323076923077 0.1553846153846 0.1476923076923
document 168 : 0.1490740740741 0.0240740740741 0.1212962962963 0.0009259259259 0.0055555555556 0.1305555555556 0.0148148148148 0.2879629629630 0.0009259259259 0.2648148148148
document 169 : 0.0017241379310 0.0017241379310 0.0362068965517 0.0017241379310 0.2517241379310 0.2258620689655 0.0879310344828 0.0017241379310 0.1655172413793 0.2258620689655
document 170 : 0.0019607843137 0.2078431372549 0.0019607843137 0.0019607843137 0.0313725490196 0.0019607843137 0.0019607843137 0.4627450980392 0.1000000000000 0.1882352941176
document 171 : 0.0224489795918 0.1755102040816 0.0224489795918 0.3183673469388 0.1448979591837 0.0020408163265 0.0632653061224 0.0020408163265 0.1755102040816 0.0734693877551
document 172 : 0.0392857142857 0.2357142857143 0.0035714285714 0.0035714285714 0.0035714285714 0.1642857142857 0.3071428571429 0.0928571428571 0.0928571428571 0.0571428571429
document 173 : 0.0017857142857 0.0017857142857 0.0017857142857 0.2160714285714 0.0464285714286 0.0107142857143 0.1178571428571 0.0017857142857 0.1000000000000 0.5017857142857
document 174 : 0.2593406593407 0.0065934065934 0.0010989010989 0.0395604395604 0.1494505494505 0.1054945054945 0.1109890109890 0.0065934065934 0.1000000000000 0.2208791208791
document 175 : 0.2200000000000 0.1700000000000 0.1325000000000 0.0262500000000 0.1575000000000 0.2137500000000 0.0075000000000 0.0637500000000 0.0075000000000 0.0012500000000
document 176 : 0.0631578947368 0.0017543859649 0.5982456140351 0.0192982456140 0.0017543859649 0.1157894736842 0.0543859649123 0.1421052631579 0.0017543859649 0.0017543859649
document 177 : 0.1044117647059 0.2735294117647 0.1779411764706 0.0750000000000 0.0014705882353 0.0088235294118 0.0014705882353 0.1044117647059 0.1632352941176 0.0897058823529
document 178 : 0.0009259259259 0.1259259259259 0.0981481481481 0.0611111111111 0.1398148148148 0.1675925925926 0.0888888888889 0.0194444444444 0.1259259259259 0.1722222222222
document 179 : 0.0945054945055 0.0615384615385 0.0010989010989 0.2593406593407 0.1989010989011 0.0010989010989 0.1494505494505 0.0120879120879 0.0725274725275 0.1494505494505
document 180 : 0.1092783505155 0.1144329896907 0.0628865979381 0.0010309278351 0.1608247422680 0.0164948453608 0.1195876288660 0.0886597938144 0.1144329896907 0.2123711340206
document 181 : 0.1243243243243 0.2054054054054 0.2189189189189 0.0027027027027 0.3000000000000 0.0027027027027 0.0027027027027 0.0027027027027 0.0027027027027 0.1378378378378
document 182 : 0.2382352941176 0.0764705882353 0.0029411764706 0.0029411764706 0.0176470588235 0.0323529411765 0.2235294117647 0.2235294117647 0.1647058823529 0.0176470588235
document 183 : 0.0150943396226 0.1896226415094 0.0528301886792 0.1283018867925 0.1471698113208 0.0858490566038 0.1377358490566 0.1283018867925 0.0056603773585 0.1094339622642
document 184 : 0.2553571428571 0.0857142857143 0.0946428571429 0.1973214285714 0.1973214285714 0.0098214285714 0.0187500000000 0.0946428571429 0.0008928571429 0.0455357142857
document 185 : 0.0015151515152 0.0015151515152 0.3954545454545 0.0621212121212 0.1833333333333 0.0015151515152 0.0015151515152 0.2666666666667 0.0696969696970 0.0166666666667
document 186 : 0.2189189189189 0.0027027027027 0.0162162162162 0.0027027027027 0.0837837837838 0.4351351351351 0.0432432432432 0.1243243243243 0.0297297297297 0.0432432432432
document 187 : 0.0018867924528 0.3415094339623 0.0018867924528 0.0679245283019 0.0113207547170 0.0018867924528 0.3415094339623 0.0018867924528 0.1716981132075 0.0584905660377
document 188 : 0.0352941176471 0.1578431372549 0.0401960784314 0.0009803921569 0.0745098039216 0.2215686274510 0.0352941176471 0.0941176470588 0.1921568627451 0.1480392156863
document 189 : 0.0023809523810 0.0142857142857 0.0023809523810 0.0023809523810 0.0380952380952 0.3000000000000 0.0023809523810 0.5023809523810 0.1333333333333 0.0023809523810
document 190 : 0.0010416666667 0.0843750000000 0.0635416666667 0.1104166666667 0.1677083333333 0.2562500000000 0.1052083333333 0.1208333333333 0.0895833333333 0.0010416666667
document 191 : 0.0034482758621 0.0034482758621 0.2103448275862 0.0551724137931 0.0034482758621 0.0034482758621 0.0034482758621 0.2275862068966 0.4517241379310 0.0379310344828
document 192 : 0.0016393442623 0.0016393442623 0.0262295081967 0.2967213114754 0.0016393442623 0.1245901639344 0.0672131147541 0.4688524590164 0.0098360655738 0.0016393442623
document 193 : 0.0015151515152 0.2439393939394 0.0015151515152 0.0015151515152 0.0015151515152 0.2060606060606 0.0318181818182 0.0015151515152 0.3954545454545 0.1151515151515
document 194 : 0.0224043715847 0.0469945355191 0.0060109289617 0.0387978142077 0.0743169398907 0.2191256830601 0.0005464480874 0.0852459016393 0.2327868852459 0.2737704918033
document 195 : 0.0634146341463 0.0756097560976 0.0024390243902 0.0268292682927 0.0024390243902 0.0024390243902 0.3195121951220 0.4170731707317 0.0878048780488 0.0024390243902
document 196 : 0.0604651162791 0.0023255813953 0.0023255813953 0.1534883720930 0.0023255813953 0.2465116279070 0.0139534883721 0.3627906976744 0.1069767441860 0.0488372093023
document 197 : 0.0008196721311 0.1196721311475 0.1524590163934 0.1401639344262 0.1155737704918 0.1770491803279 0.0172131147541 0.1729508196721 0.0540983606557 0.0500000000000
document 198 : 0.0016393442623 0.0016393442623 0.0918032786885 0.4032786885246 0.0262295081967 0.1737704918033 0.1000000000000 0.1491803278689 0.0508196721311 0.0016393442623
document 199 : 0.1096385542169 0.0012048192771 0.1156626506024 0.1638554216867 0.2000000000000 0.1156626506024 0.0975903614458 0.0012048192771 0.1277108433735 0.0674698795181
document 200 : 0.2400000000000 0.2400000000000 0.0066666666667 0.4400000000000 0.0066666666667 0.0066666666667 0.0066666666667 0.0400000000000 0.0066666666667 0.0066666666667
document 201 : 0.2651685393258 0.0966292134831 0.0011235955056 0.0685393258427 0.0067415730337 0.0011235955056 0.0123595505618 0.3044943820225 0.2426966292135 0.0011235955056
document 202 : 0.1217391304348 0.0130434782609 0.1000000000000 0.0782608695652 0.0021739130435 0.0347826086957 0.0021739130435 0.2304347826087 0.0021739130435 0.4152173913043
document 203 : 0.2703703703704 0.0018518518519 0.0759259259259 0.1777777777778 0.0018518518519 0.0111111111111 0.0851851851852 0.2148148148148 0.0388888888889 0.1222222222222
document 204 : 0.0010309278351 0.0731958762887 0.0577319587629 0.1247422680412 0.2020618556701 0.1453608247423 0.1041237113402 0.0010309278351 0.0474226804124 0.2432989690722
document 205 : 0.1392857142857 0.0500000000000 0.2196428571429 0.0053571428571 0.3089285714286 0.0723214285714 0.0008928571429 0.1482142857143 0.0544642857143 0.0008928571429
document 206 : 0.0827586206897 0.0870689655172 0.1086206896552 0.0741379310345 0.1431034482759 0.2465517241379 0.0224137931034 0.0913793103448 0.0353448275862 0.1086206896552
document 207 : 0.0009708737864 0.0058252427184 0.1174757281553 0.0543689320388 0.1708737864078 0.1174757281553 0.2436893203883 0.1174757281553 0.1660194174757 0.0058252427184
document 208 : 0.0955555555556 0.1677777777778 0.0011111111111 0.1788888888889 0.0455555555556 0.1733333333333 0.0011111111111 0.1344444444444 0.0400000000000 0.1622222222222
document 209 : 0.1321428571429 0.1440476190476 0.0309523809524 0.0428571428571 0.1142857142857 0.0904761904762 0.0428571428571 0.2035714285714 0.1202380952381 0.0785714285714
document 210 : 0.0007692307692 0.0853846153846 0.1738461538462 0.0123076923077 0.1584615384615 0.1853846153846 0.0238461538462 0.0661538461538 0.0776923076923 0.2161538461538
document 211 : 0.0356435643564 0.1940594059406 0.1742574257426 0.1148514851485 0.0009900990099 0.0059405940594 0.1198019801980 0.1990099009901 0.0108910891089 0.1445544554455
document 212 : 0.0433333333333 0.1600000000000 0.0016666666667 0.0016666666667 0.2350000000000 0.2683333333333 0.0016666666667 0.0016666666667 0.0600000000000 0.2266666666667
document 213 : 0.0851485148515 0.1396039603960 0.0108910891089 0.0801980198020 0.2039603960396 0.2188118811881 0.2386138613861 0.0009900990099 0.0009900990099 0.0207920792079
document 214 : 0.0192982456140 0.1508771929825 0.1333333333333 0.1245614035088 0.1859649122807 0.0719298245614 0.1333333333333 0.0280701754386 0.0192982456140 0.1333333333333
document 215 : 0.0489361702128 0.0702127659574 0.0010638297872 0.0223404255319 0.0861702127660 0.2776595744681 0.1127659574468 0.2031914893617 0.0595744680851 0.1180851063830
document 216 : 0.0012195121951 0.0682926829268 0.0012195121951 0.0865853658537 0.2207317073171 0.1902439024390 0.2451219512195 0.0012195121951 0.0987804878049 0.0865853658537
document 217 : 0.0910000000000 0.1260000000000 0.0260000000000 0.3010000000000 0.0910000000000 0.0210000000000 0.0060000000000 0.2560000000000 0.0560000000000 0.0260000000000
document 218 : 0.2883333333333 0.0341666666667 0.2508333333333 0.0008333333333 0.0341666666667 0.2050000000000 0.0675000000000 0.0466666666667 0.0466666666667 0.0258333333333
document 219 : 0.2461538461538 0.2605769230769 0.1307692307692 0.0875000000000 0.0009615384615 0.0442307692308 0.1500000000000 0.0009615384615 0.0394230769231 0.0394230769231
document 220 : 0.2729166666667 0.2000000000000 0.0020833333333 0.0125000000000 0.0020833333333 0.0020833333333 0.1479166666667 0.0020833333333 0.3354166666667 0.0229166666667
document 221 : 0.1508771929825 0.0017543859649 0.4228070175439 0.1859649122807 0.0105263157895 0.0894736842105 0.0017543859649 0.0894736842105 0.0017543859649 0.0456140350877
document 222 : 0.2085106382979 0.1287234042553 0.1127659574468 0.0010638297872 0.0702127659574 0.0010638297872 0.0329787234043 0.1234042553191 0.1127659574468 0.2085106382979
document 223 : 0.0220000000000 0.0020000000000 0.0220000000000 0.1120000000000 0.0320000000000 0.1620000000000 0.1220000000000 0.0020000000000 0.0020000000000 0.5220000000000
document 224 : 0.1068181818182 0.1030303030303 0.1750000000000 0.0575757575758 0.1219696969697 0.1371212121212 0.0765151515152 0.0007575757576 0.1863636363636 0.0348484848485
document 225 : 0.0464646464646 0.1828282828283 0.2383838383838 0.0616161616162 0.0616161616162 0.0262626262626 0.1272727272727 0.0464646464646 0.1979797979798 0.0111111111111
document 226 : 0.3385542168675 0.0734939759036 0.0012048192771 0.0132530120482 0.0313253012048 0.1698795180723 0.0614457831325 0.2421686746988 0.0132530120482 0.0554216867470
document 227 : 0.2588235294118 0.0014705882353 0.4720588235294 0.0088235294118 0.0088235294118 0.0014705882353 0.0602941176471 0.1558823529412 0.0235294117647 0.0088235294118
document 228 : 0.1088607594937 0.0265822784810 0.0012658227848 0.1215189873418 0.1151898734177 0.0075949367089 0.4696202531646 0.0075949367089 0.1405063291139 0.0012658227848
