document 0 : 0.0105769230769 0.0298076923077 0.0009615384615 0.1259615384615 0.2317307692308 0.2221153846154 0.1548076923077 0.0875000000000 0.0778846153846 0.0586538461538
document 1 : 0.0011764705882 0.0011764705882 0.0600000000000 0.1541176470588 0.0247058823529 0.0011764705882 0.4011764705882 0.2247058823529 0.0011764705882 0.1305882352941
document 2 : 0.0032258064516 0.0032258064516 0.0677419354839 0.0354838709677 0.2612903225806 0.2290322580645 0.0032258064516 0.0677419354839 0.2612903225806 0.0677419354839
document 3 : 0.2211009174312 0.0559633027523 0.1477064220183 0.0284403669725 0.0743119266055 0.0559633027523 0.1018348623853 0.1201834862385 0.0376146788991 0.1568807339450
document 4 : 0.0323076923077 0.0630769230769 0.0015384615385 0.0015384615385 0.4169230769231 0.0476923076923 0.3092307692308 0.0169230769231 0.0323076923077 0.0784615384615
document 5 : 0.1308943089431 0.0983739837398 0.0008130081301 0.0252032520325 0.0414634146341 0.1471544715447 0.0983739837398 0.0252032520325 0.2528455284553 0.1796747967480
document 6 : 0.0843750000000 0.1052083333333 0.3343750000000 0.1677083333333 0.0010416666667 0.0218750000000 0.0531250000000 0.1260416666667 0.0010416666667 0.1052083333333
document 7 : 0.4015384615385 0.2476923076923 0.0169230769231 0.0015384615385 0.0015384615385 0.0015384615385 0.0015384615385 0.1707692307692 0.1553846153846 0.0015384615385
document 8 : 0.1660550458716 0.0834862385321 0.1752293577982 0.1477064220183 0.2027522935780 0.0009174311927 0.0651376146789 0.0192660550459 0.0284403669725 0.1110091743119
document 9 : 0.1037383177570 0.0663551401869 0.0383177570093 0.0570093457944 0.0383177570093 0.3747663551402 0.0102803738318 0.1411214953271 0.0943925233645 0.0757009345794
document 10 : 0.1818965517241 0.0612068965517 0.2681034482759 0.0181034482759 0.1387931034483 0.0784482758621 0.0784482758621 0.0094827586207 0.1129310344828 0.0525862068966
document 11 : 0.1932692307692 0.1355769230769 0.0009615384615 0.2125000000000 0.1067307692308 0.1067307692308 0.0105769230769 0.0298076923077 0.0778846153846 0.1259615384615
document 12 : 0.2701923076923 0.0201923076923 0.0009615384615 0.1740384615385 0.0009615384615 0.0201923076923 0.1932692307692 0.0778846153846 0.1259615384615 0.1163461538462
document 13 : 0.0927272727273 0.0381818181818 0.0927272727273 0.3472727272727 0.0381818181818 0.0381818181818 0.0018181818182 0.1109090909091 0.0018181818182 0.2381818181818
document 14 : 0.1810810810811 0.1720720720721 0.1810810810811 0.1090090090090 0.0819819819820 0.0909909909910 0.0729729729730 0.0099099099099 0.0189189189189 0.0819819819820
document 15 : 0.1244897959184 0.0020408163265 0.1040816326531 0.0020408163265 0.0020408163265 0.0020408163265 0.2265306122449 0.4918367346939 0.0224489795918 0.0224489795918
document 16 : 0.0747368421053 0.0536842105263 0.0431578947368 0.0747368421053 0.0431578947368 0.3063157894737 0.1484210526316 0.1378947368421 0.0642105263158 0.0536842105263
document 17 : 0.2413043478261 0.0891304347826 0.0239130434783 0.1978260869565 0.0021739130435 0.0021739130435 0.1543478260870 0.1108695652174 0.0891304347826 0.0891304347826
document 18 : 0.0539823008850 0.0716814159292 0.1424778761062 0.1070796460177 0.0893805309735 0.0451327433628 0.0185840707965 0.0893805309735 0.2663716814159 0.1159292035398
document 19 : 0.1096385542169 0.1457831325301 0.1457831325301 0.0012048192771 0.0012048192771 0.0493975903614 0.1698795180723 0.0012048192771 0.1337349397590 0.2421686746988
document 20 : 0.1466019417476 0.1951456310680 0.1951456310680 0.0300970873786 0.2631067961165 0.1174757281553 0.0009708737864 0.0495145631068 0.0009708737864 0.0009708737864
document 21 : 0.1396551724138 0.1396551724138 0.0534482758621 0.0362068965517 0.3982758620690 0.1051724137931 0.0017241379310 0.0017241379310 0.1224137931034 0.0017241379310
document 22 : 0.2076923076923 0.0025641025641 0.1051282051282 0.4641025641026 0.0025641025641 0.0025641025641 0.0025641025641 0.0025641025641 0.0794871794872 0.1307692307692
document 23 : 0.1045977011494 0.0471264367816 0.1275862068966 0.0471264367816 0.0011494252874 0.2425287356322 0.3689655172414 0.0356321839080 0.0011494252874 0.0241379310345
document 24 : 0.0991071428571 0.1526785714286 0.1169642857143 0.0008928571429 0.1169642857143 0.0812500000000 0.1526785714286 0.0366071428571 0.0991071428571 0.1437500000000
document 25 : 0.0305555555556 0.0027777777778 0.0305555555556 0.3361111111111 0.1694444444444 0.0583333333333 0.0305555555556 0.0027777777778 0.0305555555556 0.3083333333333
document 26 : 0.0289719626168 0.0663551401869 0.1878504672897 0.1691588785047 0.1598130841121 0.1037383177570 0.1037383177570 0.1598130841121 0.0102803738318 0.0102803738318
document 27 : 0.0323529411765 0.0029411764706 0.0617647058824 0.0029411764706 0.1794117647059 0.0029411764706 0.0029411764706 0.1794117647059 0.1205882352941 0.4147058823529
document 28 : 0.0732142857143 0.0017857142857 0.0196428571429 0.0375000000000 0.0375000000000 0.2517857142857 0.0910714285714 0.3767857142857 0.0375000000000 0.0732142857143
document 29 : 0.3295081967213 0.0016393442623 0.0016393442623 0.0016393442623 0.1000000000000 0.0016393442623 0.1491803278689 0.1655737704918 0.0016393442623 0.2475409836066
document 30 : 0.2131578947368 0.2921052631579 0.0026315789474 0.1605263157895 0.0289473684211 0.0026315789474 0.2131578947368 0.0552631578947 0.0026315789474 0.0289473684211
document 31 : 0.2326315789474 0.1378947368421 0.1800000000000 0.0642105263158 0.0326315789474 0.1589473684211 0.0221052631579 0.0010526315789 0.0326315789474 0.1378947368421
document 32 : 0.0861702127660 0.0329787234043 0.1925531914894 0.1393617021277 0.2031914893617 0.0648936170213 0.0010638297872 0.0648936170213 0.0968085106383 0.1180851063830
document 33 : 0.0027777777778 0.0305555555556 0.1416666666667 0.3916666666667 0.0027777777778 0.0027777777778 0.0027777777778 0.1416666666667 0.0027777777778 0.2805555555556
document 34 : 0.0500000000000 0.2112903225806 0.0016129032258 0.0016129032258 0.3241935483871 0.0016129032258 0.0016129032258 0.0983870967742 0.3080645161290 0.0016129032258
document 35 : 0.0011235955056 0.0348314606742 0.0235955056180 0.0460674157303 0.0348314606742 0.3269662921348 0.1808988764045 0.2707865168539 0.0011235955056 0.0797752808989
document 36 : 0.0870967741935 0.1516129032258 0.0118279569892 0.2806451612903 0.1301075268817 0.0440860215054 0.1193548387097 0.1731182795699 0.0010752688172 0.0010752688172
document 37 : 0.1284313725490 0.1088235294118 0.1676470588235 0.1480392156863 0.1382352941176 0.1186274509804 0.0696078431373 0.0500000000000 0.0205882352941 0.0500000000000
document 38 : 0.1687500000000 0.0020833333333 0.0020833333333 0.1479166666667 0.1062500000000 0.2312500000000 0.0020833333333 0.1479166666667 0.1062500000000 0.0854166666667
document 39 : 0.2184782608696 0.0989130434783 0.0989130434783 0.0010869565217 0.0336956521739 0.1750000000000 0.1097826086957 0.1967391304348 0.0010869565217 0.0663043478261
document 40 : 0.1648437500000 0.0164062500000 0.2429687500000 0.0007812500000 0.1101562500000 0.2117187500000 0.0789062500000 0.0632812500000 0.0007812500000 0.1101562500000
document 41 : 0.0805309734513 0.1601769911504 0.0539823008850 0.0451327433628 0.0805309734513 0.1955752212389 0.0274336283186 0.2309734513274 0.0451327433628 0.0805309734513
document 42 : 0.0034482758621 0.0034482758621 0.0034482758621 0.0724137931034 0.0724137931034 0.0034482758621 0.0034482758621 0.3137931034483 0.5206896551724 0.0034482758621
document 43 : 0.0676190476190 0.1438095238095 0.0485714285714 0.2771428571429 0.1057142857143 0.1247619047619 0.0009523809524 0.0961904761905 0.0580952380952 0.0771428571429
document 44 : 0.0018518518519 0.1500000000000 0.0574074074074 0.4462962962963 0.0203703703704 0.0018518518519 0.0759259259259 0.2240740740741 0.0203703703704 0.0018518518519
document 45 : 0.0010000000000 0.1510000000000 0.0910000000000 0.3610000000000 0.1110000000000 0.0110000000000 0.0010000000000 0.0610000000000 0.0710000000000 0.1410000000000
document 46 : 0.0685393258427 0.0910112359551 0.0011235955056 0.1359550561798 0.1471910112360 0.0573033707865 0.0235955056180 0.1584269662921 0.1247191011236 0.1921348314607
document 47 : 0.0592233009709 0.1368932038835 0.0398058252427 0.0398058252427 0.2922330097087 0.1951456310680 0.1271844660194 0.0009708737864 0.0883495145631 0.0203883495146
document 48 : 0.0025641025641 0.0025641025641 0.0025641025641 0.0282051282051 0.0025641025641 0.4641025641026 0.1820512820513 0.0025641025641 0.3102564102564 0.0025641025641
document 49 : 0.0200000000000 0.1654545454545 0.0381818181818 0.0018181818182 0.0200000000000 0.3654545454545 0.0200000000000 0.1836363636364 0.0018181818182 0.1836363636364
document 50 : 0.0203703703704 0.0203703703704 0.0018518518519 0.2796296296296 0.4277777777778 0.1870370370370 0.0018518518519 0.0574074074074 0.0018518518519 0.0018518518519
document 51 : 0.0016129032258 0.0500000000000 0.0016129032258 0.1145161290323 0.0016129032258 0.0500000000000 0.3887096774194 0.1629032258065 0.0016129032258 0.2274193548387
document 52 : 0.0114583333333 0.3031250000000 0.0218750000000 0.0947916666667 0.0531250000000 0.0531250000000 0.2406250000000 0.1364583333333 0.0322916666667 0.0531250000000
document 53 : 0.1932692307692 0.0682692307692 0.1355769230769 0.2028846153846 0.0009615384615 0.2028846153846 0.0682692307692 0.0682692307692 0.0009615384615 0.0586538461538
document 54 : 0.1368932038835 0.1563106796117 0.0689320388350 0.2436893203883 0.1466019417476 0.0009708737864 0.0009708737864 0.1368932038835 0.1077669902913 0.0009708737864
document 55 : 0.1573913043478 0.1226086956522 0.0443478260870 0.0443478260870 0.0008695652174 0.2008695652174 0.3313043478261 0.0530434782609 0.0269565217391 0.0182608695652
document 56 : 0.1138888888889 0.0583333333333 0.0583333333333 0.0027777777778 0.0583333333333 0.1138888888889 0.4194444444444 0.0583333333333 0.0027777777778 0.1138888888889
document 57 : 0.0991071428571 0.0008928571429 0.1169642857143 0.0633928571429 0.1348214285714 0.0008928571429 0.2776785714286 0.0276785714286 0.2419642857143 0.0366071428571
document 58 : 0.1368932038835 0.0203883495146 0.2145631067961 0.0009708737864 0.0786407766990 0.1563106796117 0.0883495145631 0.1174757281553 0.0689320388350 0.1174757281553
document 59 : 0.0076923076923 0.0076923076923 0.0076923076923 0.0846153846154 0.0076923076923 0.0076923076923 0.2384615384615 0.3923076923077 0.0076923076923 0.2384615384615
document 60 : 0.0100000000000 0.2100000000000 0.0100000000000 0.0100000000000 0.4100000000000 0.0100000000000 0.0100000000000 0.0100000000000 0.0100000000000 0.3100000000000
document 61 : 0.0009803921569 0.0500000000000 0.2264705882353 0.0401960784314 0.0990196078431 0.2362745098039 0.0009803921569 0.0990196078431 0.1284313725490 0.1186274509804
document 62 : 0.1471910112360 0.0797752808989 0.0348314606742 0.0797752808989 0.0348314606742 0.0685393258427 0.2146067415730 0.1584269662921 0.1359550561798 0.0460674157303
document 63 : 0.1644230769231 0.2125000000000 0.0778846153846 0.0201923076923 0.1548076923077 0.1932692307692 0.0490384615385 0.1259615384615 0.0009615384615 0.0009615384615
document 64 : 0.2330357142857 0.2687500000000 0.0008928571429 0.0455357142857 0.1080357142857 0.0276785714286 0.0991071428571 0.0633928571429 0.0276785714286 0.1258928571429
document 65 : 0.0934210526316 0.0276315789474 0.1855263157895 0.2644736842105 0.1197368421053 0.0539473684211 0.0671052631579 0.0013157894737 0.0013157894737 0.1855263157895
document 66 : 0.0859154929577 0.1704225352113 0.3112676056338 0.1563380281690 0.0014084507042 0.0014084507042 0.2126760563380 0.0436619718310 0.0014084507042 0.0154929577465
document 67 : 0.0192660550459 0.1660550458716 0.1110091743119 0.1018348623853 0.0834862385321 0.1477064220183 0.2119266055046 0.0834862385321 0.0559633027523 0.0192660550459
document 68 : 0.0021276595745 0.0234042553191 0.5127659574468 0.0021276595745 0.1936170212766 0.0021276595745 0.0659574468085 0.0021276595745 0.0021276595745 0.1936170212766
document 69 : 0.0018181818182 0.0018181818182 0.0018181818182 0.0018181818182 0.0200000000000 0.0381818181818 0.1290909090909 0.6563636363636 0.0563636363636 0.0927272727273
document 70 : 0.2233333333333 0.0455555555556 0.0011111111111 0.1677777777778 0.0566666666667 0.2233333333333 0.0344444444444 0.0788888888889 0.0344444444444 0.1344444444444
document 71 : 0.0009803921569 0.1186274509804 0.1088235294118 0.0500000000000 0.1578431372549 0.0892156862745 0.2950980392157 0.0598039215686 0.0598039215686 0.0598039215686
document 72 : 0.0893805309735 0.0716814159292 0.2398230088496 0.1070796460177 0.0805309734513 0.0274336283186 0.0893805309735 0.1247787610619 0.0716814159292 0.0982300884956
document 73 : 0.0025641025641 0.0025641025641 0.0025641025641 0.3102564102564 0.0025641025641 0.5410256410256 0.0025641025641 0.0025641025641 0.1307692307692 0.0025641025641
document 74 : 0.3434210526316 0.0671052631579 0.0013157894737 0.0407894736842 0.0934210526316 0.0013157894737 0.0144736842105 0.1723684210526 0.2644736842105 0.0013157894737
document 75 : 0.0015151515152 0.0621212121212 0.0015151515152 0.0015151515152 0.2742424242424 0.0015151515152 0.1681818181818 0.2136363636364 0.1075757575758 0.1681818181818
document 76 : 0.1613333333333 0.1346666666667 0.0013333333333 0.0280000000000 0.0013333333333 0.3080000000000 0.0546666666667 0.0813333333333 0.0546666666667 0.1746666666667
document 77 : 0.4406250000000 0.0031250000000 0.1281250000000 0.0031250000000 0.1593750000000 0.0343750000000 0.0968750000000 0.0968750000000 0.0343750000000 0.0031250000000
document 78 : 0.2413461538462 0.0009615384615 0.0201923076923 0.1067307692308 0.1259615384615 0.2028846153846 0.0490384615385 0.1259615384615 0.0682692307692 0.0586538461538
document 79 : 0.0019607843137 0.2764705882353 0.0019607843137 0.2568627450980 0.0607843137255 0.0019607843137 0.1000000000000 0.0607843137255 0.0019607843137 0.2372549019608
document 80 : 0.0968253968254 0.1603174603175 0.0015873015873 0.1444444444444 0.0015873015873 0.2555555555556 0.0015873015873 0.0809523809524 0.0968253968254 0.1603174603175
document 81 : 0.0801980198020 0.0009900990099 0.1396039603960 0.0108910891089 0.1990099009901 0.2980198019802 0.1198019801980 0.1495049504950 0.0009900990099 0.0009900990099
document 82 : 0.0026315789474 0.0026315789474 0.0026315789474 0.1868421052632 0.1868421052632 0.0026315789474 0.0815789473684 0.0026315789474 0.0026315789474 0.5289473684211
document 83 : 0.0607142857143 0.0607142857143 0.0845238095238 0.0011904761905 0.2392857142857 0.2273809523810 0.0964285714286 0.2154761904762 0.0011904761905 0.0130952380952
document 84 : 0.0440000000000 0.0040000000000 0.0840000000000 0.0040000000000 0.0040000000000 0.0040000000000 0.4840000000000 0.0040000000000 0.0840000000000 0.2840000000000
document 85 : 0.0772151898734 0.0012658227848 0.0139240506329 0.0012658227848 0.0139240506329 0.0139240506329 0.0265822784810 0.0518987341772 0.6215189873418 0.1784810126582
document 86 : 0.2421686746988 0.0493975903614 0.0253012048193 0.1457831325301 0.0012048192771 0.1337349397590 0.0012048192771 0.0012048192771 0.2301204819277 0.1698795180723
document 87 : 0.1424242424242 0.1020202020202 0.1525252525253 0.1020202020202 0.0212121212121 0.1828282828283 0.0919191919192 0.0313131313131 0.1222222222222 0.0515151515152
document 88 : 0.0040000000000 0.4840000000000 0.0040000000000 0.0840000000000 0.0040000000000 0.2840000000000 0.0040000000000 0.1240000000000 0.0040000000000 0.0040000000000
document 89 : 0.1234693877551 0.1132653061224 0.0010204081633 0.1438775510204 0.0010204081633 0.1846938775510 0.1948979591837 0.0826530612245 0.1132653061224 0.0418367346939
document 90 : 0.0525423728814 0.0694915254237 0.4254237288136 0.0016949152542 0.0016949152542 0.2559322033898 0.0186440677966 0.1542372881356 0.0186440677966 0.0016949152542
document 91 : 0.1129310344828 0.1129310344828 0.1129310344828 0.1474137931034 0.0008620689655 0.1732758620690 0.0094827586207 0.0267241379310 0.0267241379310 0.2767241379310
document 92 : 0.0931818181818 0.1386363636364 0.0022727272727 0.1613636363636 0.3659090909091 0.0022727272727 0.0022727272727 0.0477272727273 0.1840909090909 0.0022727272727
document 93 : 0.0018181818182 0.4563636363636 0.0018181818182 0.0018181818182 0.1109090909091 0.0381818181818 0.1836363636364 0.0018181818182 0.2018181818182 0.0018181818182
document 94 : 0.0375000000000 0.0017857142857 0.0553571428571 0.0017857142857 0.0553571428571 0.0017857142857 0.5910714285714 0.0017857142857 0.1267857142857 0.1267857142857
document 95 : 0.0117021276596 0.1925531914894 0.1287234042553 0.0861702127660 0.0861702127660 0.0010638297872 0.0329787234043 0.0648936170213 0.3414893617021 0.0542553191489
document 96 : 0.1841666666667 0.0175000000000 0.0341666666667 0.0508333333333 0.1591666666667 0.0008333333333 0.0841666666667 0.0258333333333 0.2175000000000 0.2258333333333
document 97 : 0.1694444444444 0.0583333333333 0.0027777777778 0.0027777777778 0.1694444444444 0.0027777777778 0.4194444444444 0.0305555555556 0.1416666666667 0.0027777777778
document 98 : 0.0023255813953 0.0023255813953 0.0255813953488 0.0023255813953 0.4906976744186 0.0023255813953 0.0023255813953 0.3046511627907 0.1418604651163 0.0255813953488
document 99 : 0.2146067415730 0.0011235955056 0.0011235955056 0.2932584269663 0.0011235955056 0.0123595505618 0.0235955056180 0.1134831460674 0.1247191011236 0.2146067415730
document 100 : 0.0500000000000 0.0023809523810 0.0261904761905 0.0261904761905 0.2880952380952 0.1928571428571 0.0261904761905 0.3833333333333 0.0023809523810 0.0023809523810
document 101 : 0.0016666666667 0.0016666666667 0.0016666666667 0.0016666666667 0.0016666666667 0.3350000000000 0.0683333333333 0.4350000000000 0.1516666666667 0.0016666666667
document 102 : 0.0016129032258 0.0016129032258 0.0500000000000 0.0016129032258 0.2112903225806 0.1790322580645 0.2758064516129 0.2758064516129 0.0016129032258 0.0016129032258
document 103 : 0.1163461538462 0.0394230769231 0.0009615384615 0.3375000000000 0.0586538461538 0.1259615384615 0.2028846153846 0.0009615384615 0.1163461538462 0.0009615384615
document 104 : 0.0628318584071 0.1513274336283 0.2132743362832 0.0805309734513 0.0362831858407 0.1247787610619 0.0893805309735 0.0893805309735 0.0539823008850 0.0982300884956
document 105 : 0.0716814159292 0.2752212389381 0.1690265486726 0.2221238938053 0.0982300884956 0.0362831858407 0.0451327433628 0.0362831858407 0.0451327433628 0.0008849557522
document 106 : 0.1307692307692 0.1051282051282 0.1564102564103 0.0025641025641 0.0025641025641 0.0025641025641 0.0282051282051 0.0025641025641 0.4641025641026 0.1051282051282
document 107 : 0.0031250000000 0.0031250000000 0.0031250000000 0.2531250000000 0.1281250000000 0.0031250000000 0.3781250000000 0.1906250000000 0.0031250000000 0.0343750000000
document 108 : 0.0500000000000 0.0009803921569 0.2264705882353 0.0009803921569 0.0205882352941 0.0500000000000 0.2558823529412 0.1578431372549 0.0794117647059 0.1578431372549
document 109 : 0.0012658227848 0.0265822784810 0.2291139240506 0.1278481012658 0.2037974683544 0.0139240506329 0.0012658227848 0.2670886075949 0.1151898734177 0.0139240506329
document 110 : 0.0971153846154 0.0009615384615 0.0682692307692 0.0201923076923 0.0009615384615 0.1067307692308 0.2509615384615 0.1932692307692 0.2605769230769 0.0009615384615
document 111 : 0.1800000000000 0.0536842105263 0.1694736842105 0.1484210526316 0.0010526315789 0.0115789473684 0.0747368421053 0.2326315789474 0.0642105263158 0.0642105263158
document 112 : 0.1212962962963 0.0935185185185 0.0750000000000 0.0379629629630 0.1305555555556 0.0472222222222 0.0564814814815 0.2324074074074 0.2046296296296 0.0009259259259
document 113 : 0.0019607843137 0.0215686274510 0.0019607843137 0.0019607843137 0.0019607843137 0.1000000000000 0.3941176470588 0.2568627450980 0.2176470588235 0.0019607843137
document 114 : 0.1484210526316 0.1800000000000 0.0010526315789 0.1378947368421 0.0010526315789 0.1694736842105 0.0431578947368 0.2115789473684 0.0957894736842 0.0115789473684
document 115 : 0.0297297297297 0.0027027027027 0.0027027027027 0.0027027027027 0.4621621621622 0.0027027027027 0.0837837837838 0.1108108108108 0.1648648648649 0.1378378378378
document 116 : 0.1134831460674 0.1696629213483 0.0573033707865 0.1808988764045 0.0460674157303 0.0011235955056 0.1584269662921 0.1696629213483 0.0123595505618 0.0910112359551
document 117 : 0.1452380952381 0.1214285714286 0.0023809523810 0.0261904761905 0.1690476190476 0.0738095238095 0.0976190476190 0.1928571428571 0.0023809523810 0.1690476190476
document 118 : 0.0846153846154 0.1475524475524 0.3223776223776 0.0706293706294 0.0006993006993 0.0356643356643 0.0846153846154 0.0636363636364 0.0356643356643 0.1545454545455
document 119 : 0.0422680412371 0.2278350515464 0.1659793814433 0.0628865979381 0.0010309278351 0.1041237113402 0.1041237113402 0.1453608247423 0.0525773195876 0.0938144329897
document 120 : 0.0010416666667 0.1468750000000 0.0427083333333 0.0427083333333 0.0531250000000 0.0114583333333 0.4072916666667 0.1156250000000 0.0531250000000 0.1260416666667
document 121 : 0.0009708737864 0.0689320388350 0.2145631067961 0.1854368932039 0.1466019417476 0.0300970873786 0.1271844660194 0.0689320388350 0.1368932038835 0.0203883495146
document 122 : 0.0688888888889 0.0022222222222 0.2244444444444 0.0022222222222 0.0022222222222 0.3133333333333 0.1577777777778 0.0022222222222 0.0688888888889 0.1577777777778
document 123 : 0.1771929824561 0.1947368421053 0.0894736842105 0.1421052631579 0.1947368421053 0.0368421052632 0.0017543859649 0.0192982456140 0.1421052631579 0.0017543859649
document 124 : 0.0928571428571 0.0010204081633 0.0010204081633 0.1744897959184 0.1336734693878 0.0622448979592 0.1540816326531 0.1744897959184 0.0112244897959 0.1948979591837
document 125 : 0.0431578947368 0.0221052631579 0.2010526315789 0.1589473684211 0.0431578947368 0.0010526315789 0.3484210526316 0.1273684210526 0.0536842105263 0.0010526315789
document 126 : 0.0211538461538 0.0019230769231 0.0788461538462 0.1173076923077 0.0019230769231 0.0019230769231 0.0019230769231 0.0788461538462 0.3865384615385 0.3096153846154
document 127 : 0.0770992366412 0.1839694656489 0.0312977099237 0.1687022900763 0.0541984732824 0.0923664122137 0.1458015267176 0.0541984732824 0.1152671755725 0.0770992366412
document 128 : 0.2244444444444 0.0466666666667 0.3133333333333 0.2466666666667 0.0022222222222 0.0022222222222 0.0022222222222 0.0911111111111 0.0688888888889 0.0022222222222
document 129 : 0.3659090909091 0.2068181818182 0.0704545454545 0.0022727272727 0.0022727272727 0.1613636363636 0.0022727272727 0.0022727272727 0.1159090909091 0.0704545454545
document 130 : 0.1020000000000 0.0020000000000 0.0220000000000 0.0020000000000 0.2820000000000 0.0420000000000 0.0020000000000 0.2420000000000 0.1620000000000 0.1420000000000
document 131 : 0.3775000000000 0.0525000000000 0.0025000000000 0.0025000000000 0.4525000000000 0.0025000000000 0.0025000000000 0.0025000000000 0.1025000000000 0.0025000000000
document 132 : 0.0362068965517 0.0017241379310 0.0362068965517 0.1568965517241 0.1741379310345 0.0534482758621 0.1741379310345 0.3637931034483 0.0017241379310 0.0017241379310
document 133 : 0.0836734693878 0.0224489795918 0.0020408163265 0.0020408163265 0.0224489795918 0.0020408163265 0.2469387755102 0.1040816326531 0.2061224489796 0.3081632653061
document 134 : 0.3296875000000 0.0015625000000 0.0640625000000 0.0640625000000 0.0015625000000 0.1109375000000 0.2203125000000 0.1578125000000 0.0171875000000 0.0328125000000
document 135 : 0.0099099099099 0.0639639639640 0.0909909909910 0.1540540540541 0.1000000000000 0.0729729729730 0.0819819819820 0.1090090090090 0.2531531531532 0.0639639639640
document 136 : 0.1975609756098 0.0024390243902 0.0024390243902 0.0024390243902 0.1243902439024 0.1243902439024 0.0024390243902 0.0756097560976 0.0024390243902 0.4658536585366
document 137 : 0.0778846153846 0.0490384615385 0.0971153846154 0.2894230769231 0.1163461538462 0.1163461538462 0.1548076923077 0.0201923076923 0.0105769230769 0.0682692307692
document 138 : 0.0012195121951 0.1109756097561 0.1475609756098 0.0012195121951 0.1841463414634 0.1963414634146 0.0621951219512 0.1841463414634 0.1109756097561 0.0012195121951
document 139 : 0.0020408163265 0.2877551020408 0.0224489795918 0.3285714285714 0.2673469387755 0.0020408163265 0.0836734693878 0.0020408163265 0.0020408163265 0.0020408163265
document 140 : 0.1900000000000 0.0566666666667 0.1344444444444 0.1900000000000 0.0233333333333 0.1233333333333 0.0011111111111 0.0011111111111 0.0566666666667 0.2233333333333
document 141 : 0.0870967741935 0.2053763440860 0.0655913978495 0.1193548387097 0.0655913978495 0.0010752688172 0.2053763440860 0.1838709677419 0.0440860215054 0.0225806451613
document 142 : 0.0013888888889 0.1263888888889 0.2513888888889 0.2513888888889 0.0708333333333 0.1125000000000 0.0708333333333 0.0430555555556 0.0152777777778 0.0569444444444
document 143 : 0.1169642857143 0.1169642857143 0.0901785714286 0.1169642857143 0.1258928571429 0.0991071428571 0.1616071428571 0.0633928571429 0.0276785714286 0.0812500000000
document 144 : 0.0228260869565 0.2728260869565 0.0010869565217 0.0880434782609 0.0010869565217 0.0010869565217 0.2728260869565 0.0445652173913 0.2619565217391 0.0336956521739
document 145 : 0.0495934959350 0.0170731707317 0.1065040650407 0.1308943089431 0.1471544715447 0.1634146341463 0.0252032520325 0.1715447154472 0.0902439024390 0.0983739837398
document 146 : 0.1197368421053 0.0276315789474 0.2381578947368 0.0013157894737 0.0802631578947 0.1328947368421 0.1592105263158 0.0013157894737 0.2381578947368 0.0013157894737
document 147 : 0.0032258064516 0.2290322580645 0.0032258064516 0.0032258064516 0.0677419354839 0.6806451612903 0.0032258064516 0.0032258064516 0.0032258064516 0.0032258064516
document 148 : 0.0009708737864 0.1368932038835 0.0398058252427 0.1174757281553 0.1951456310680 0.2145631067961 0.0786407766990 0.0009708737864 0.1174757281553 0.0980582524272
document 149 : 0.1259615384615 0.0490384615385 0.0394230769231 0.0009615384615 0.3182692307692 0.2221153846154 0.1355769230769 0.0009615384615 0.1067307692308 0.0009615384615
document 150 : 0.0012820512821 0.0397435897436 0.2192307692308 0.2576923076923 0.1423076923077 0.0141025641026 0.0012820512821 0.0653846153846 0.2192307692308 0.0397435897436
document 151 : 0.2411764705882 0.0058823529412 0.0058823529412 0.0058823529412 0.0058823529412 0.0058823529412 0.0058823529412 0.3588235294118 0.3588235294118 0.0058823529412
document 152 : 0.2451219512195 0.1353658536585 0.2939024390244 0.0134146341463 0.2085365853659 0.0012195121951 0.0743902439024 0.0256097560976 0.0012195121951 0.0012195121951
document 153 : 0.1459677419355 0.1782258064516 0.0491935483871 0.0330645161290 0.0491935483871 0.2024193548387 0.2024193548387 0.0733870967742 0.0653225806452 0.0008064516129
document 154 : 0.1222222222222 0.2131313131313 0.0515151515152 0.0616161616162 0.2131313131313 0.0616161616162 0.0515151515152 0.0010101010101 0.2232323232323 0.0010101010101
document 155 : 0.4014285714286 0.1014285714286 0.2157142857143 0.0442857142857 0.0585714285714 0.1585714285714 0.0014285714286 0.0014285714286 0.0157142857143 0.0014285714286
document 156 : 0.0045454545455 0.0045454545455 0.0045454545455 0.1409090909091 0.3681818181818 0.2772727272727 0.0045454545455 0.0045454545455 0.1409090909091 0.0500000000000
document 157 : 0.1781250000000 0.0114583333333 0.1677083333333 0.0010416666667 0.0843750000000 0.0010416666667 0.0635416666667 0.1781250000000 0.2406250000000 0.0739583333333
document 158 : 0.1099009900990 0.0603960396040 0.1198019801980 0.2287128712871 0.1396039603960 0.0405940594059 0.1594059405941 0.1297029702970 0.0009900990099 0.0108910891089
document 159 : 0.0203703703704 0.1685185185185 0.0203703703704 0.2796296296296 0.0018518518519 0.0018518518519 0.0018518518519 0.1129629629630 0.3907407407407 0.0018518518519
document 160 : 0.2046296296296 0.0379629629630 0.0009259259259 0.0657407407407 0.2509259259259 0.0009259259259 0.1120370370370 0.0379629629630 0.1675925925926 0.1212962962963
document 161 : 0.1490740740741 0.0194444444444 0.1027777777778 0.0009259259259 0.0935185185185 0.1398148148148 0.1212962962963 0.2046296296296 0.1120370370370 0.0564814814815
document 162 : 0.0264957264957 0.1461538461538 0.1632478632479 0.0350427350427 0.0094017094017 0.1974358974359 0.0692307692308 0.0521367521368 0.1034188034188 0.1974358974359
document 163 : 0.1129310344828 0.1646551724138 0.1301724137931 0.0094827586207 0.0439655172414 0.1043103448276 0.0353448275862 0.1387931034483 0.1560344827586 0.1043103448276
document 164 : 0.0030303030303 0.0030303030303 0.0333333333333 0.3363636363636 0.0939393939394 0.4878787878788 0.0030303030303 0.0030303030303 0.0333333333333 0.0030303030303
document 165 : 0.0762500000000 0.2762500000000 0.0762500000000 0.0637500000000 0.1012500000000 0.0012500000000 0.0262500000000 0.0762500000000 0.3012500000000 0.0012500000000
document 166 : 0.1352941176471 0.1016806722689 0.0008403361345 0.0260504201681 0.1268907563025 0.1941176470588 0.0848739495798 0.0596638655462 0.0932773109244 0.1773109243697
document 167 : 0.0015384615385 0.1092307692308 0.0169230769231 0.2323076923077 0.0630769230769 0.0169230769231 0.0323076923077 0.1092307692308 0.4169230769231 0.0015384615385
document 168 : 0.1953703703704 0.1398148148148 0.1583333333333 0.0750000000000 0.2138888888889 0.0009259259259 0.1768518518519 0.0379629629630 0.0009259259259 0.0009259259259
document 169 : 0.3465517241379 0.0017241379310 0.1741379310345 0.0706896551724 0.0362068965517 0.0017241379310 0.2431034482759 0.0017241379310 0.0534482758621 0.0706896551724
document 170 : 0.0019607843137 0.0215686274510 0.1196078431373 0.1980392156863 0.0607843137255 0.1196078431373 0.1588235294118 0.0215686274510 0.0215686274510 0.2764705882353
document 171 : 0.0020408163265 0.0632653061224 0.0020408163265 0.1244897959184 0.1040816326531 0.0836734693878 0.4306122448980 0.1857142857143 0.0020408163265 0.0020408163265
document 172 : 0.4678571428571 0.0035714285714 0.1464285714286 0.1464285714286 0.1464285714286 0.0035714285714 0.0035714285714 0.0035714285714 0.0750000000000 0.0035714285714
document 173 : 0.0732142857143 0.0375000000000 0.1267857142857 0.0017857142857 0.3232142857143 0.0017857142857 0.0375000000000 0.3232142857143 0.0732142857143 0.0017857142857
document 174 : 0.0230769230769 0.1989010989011 0.0010989010989 0.1109890109890 0.0560439560440 0.0010989010989 0.2978021978022 0.0780219780220 0.0780219780220 0.1549450549451
document 175 : 0.0262500000000 0.0012500000000 0.1012500000000 0.2887500000000 0.1387500000000 0.0512500000000 0.1137500000000 0.0012500000000 0.2262500000000 0.0512500000000
document 176 : 0.1947368421053 0.2122807017544 0.1245614035088 0.0719298245614 0.3526315789474 0.0017543859649 0.0017543859649 0.0368421052632 0.0017543859649 0.0017543859649
document 177 : 0.1338235294118 0.2514705882353 0.3102941176471 0.0014705882353 0.1485294117647 0.0308823529412 0.0014705882353 0.0455882352941 0.0750000000000 0.0014705882353
document 178 : 0.1583333333333 0.0009259259259 0.0657407407407 0.0101851851852 0.3064814814815 0.0750000000000 0.0472222222222 0.1953703703704 0.0842592592593 0.0564814814815
document 179 : 0.1549450549451 0.2428571428571 0.1769230769231 0.0890109890110 0.1879120879121 0.0010989010989 0.0560439560440 0.0780219780220 0.0120879120879 0.0010989010989
document 180 : 0.0731958762887 0.2690721649485 0.0319587628866 0.1659793814433 0.0113402061856 0.0010309278351 0.1762886597938 0.0113402061856 0.1865979381443 0.0731958762887
document 181 : 0.0027027027027 0.3270270270270 0.0027027027027 0.0837837837838 0.3000000000000 0.2459459459459 0.0027027027027 0.0297297297297 0.0027027027027 0.0027027027027
document 182 : 0.0029411764706 0.0323529411765 0.0911764705882 0.2382352941176 0.0029411764706 0.3852941176471 0.0323529411765 0.0617647058824 0.0029411764706 0.1500000000000
document 183 : 0.0669811320755 0.1330188679245 0.1613207547170 0.0764150943396 0.0009433962264 0.2273584905660 0.0292452830189 0.1047169811321 0.0575471698113 0.1424528301887
document 184 : 0.1169642857143 0.0633928571429 0.1348214285714 0.1973214285714 0.0633928571429 0.0008928571429 0.2241071428571 0.0008928571429 0.0187500000000 0.1794642857143
document 185 : 0.1681818181818 0.0015151515152 0.0015151515152 0.1075757575758 0.0924242424242 0.4106060606061 0.0015151515152 0.0772727272727 0.0015151515152 0.1378787878788
document 186 : 0.1378378378378 0.0567567567568 0.1648648648649 0.0027027027027 0.0027027027027 0.1378378378378 0.0027027027027 0.1378378378378 0.0027027027027 0.3540540540541
document 187 : 0.1528301886792 0.1905660377358 0.0018867924528 0.0018867924528 0.0584905660377 0.1716981132075 0.0207547169811 0.0207547169811 0.0018867924528 0.3792452830189
document 188 : 0.0107843137255 0.1186274509804 0.0401960784314 0.1284313725490 0.0696078431373 0.2362745098039 0.1382352941176 0.0794117647059 0.0794117647059 0.0990196078431
document 189 : 0.0738095238095 0.0500000000000 0.0023809523810 0.3357142857143 0.1452380952381 0.2404761904762 0.0261904761905 0.1214285714286 0.0023809523810 0.0023809523810
document 190 : 0.1468750000000 0.1364583333333 0.0010416666667 0.2302083333333 0.1052083333333 0.1156250000000 0.0010416666667 0.0427083333333 0.0635416666667 0.1572916666667
document 191 : 0.1413793103448 0.0379310344828 0.0034482758621 0.0034482758621 0.0034482758621 0.5206896551724 0.1068965517241 0.1068965517241 0.0034482758621 0.0724137931034
document 192 : 0.0508196721311 0.0344262295082 0.0344262295082 0.4114754098361 0.1327868852459 0.2639344262295 0.0672131147541 0.0016393442623 0.0016393442623 0.0016393442623
document 193 : 0.0469696969697 0.0621212121212 0.2136363636364 0.1227272727273 0.0015151515152 0.2893939393939 0.2439393939394 0.0015151515152 0.0015151515152 0.0166666666667
document 194 : 0.0661202185792 0.0278688524590 0.3393442622951 0.0551912568306 0.0387978142077 0.0278688524590 0.3557377049180 0.0497267759563 0.0278688524590 0.0114754098361
document 195 : 0.0024390243902 0.0512195121951 0.1000000000000 0.0268292682927 0.0024390243902 0.0024390243902 0.1000000000000 0.5390243902439 0.1731707317073 0.0024390243902
document 196 : 0.0023255813953 0.1186046511628 0.5139534883721 0.0023255813953 0.0720930232558 0.0720930232558 0.0720930232558 0.0023255813953 0.0255813953488 0.1186046511628
document 197 : 0.0172131147541 0.2303278688525 0.0090163934426 0.0336065573770 0.1483606557377 0.0991803278689 0.0827868852459 0.0581967213115 0.0418032786885 0.2795081967213
document 198 : 0.0016393442623 0.0672131147541 0.1327868852459 0.0016393442623 0.1327868852459 0.1819672131148 0.4606557377049 0.0016393442623 0.0180327868852 0.0016393442623
document 199 : 0.0253012048193 0.1819277108434 0.1096385542169 0.1698795180723 0.0975903614458 0.0855421686747 0.0253012048193 0.0734939759036 0.0012048192771 0.2301204819277
document 200 : 0.4066666666667 0.0066666666667 0.0066666666667 0.0066666666667 0.0066666666667 0.0733333333333 0.3400000000000 0.0066666666667 0.1400000000000 0.0066666666667
document 201 : 0.0348314606742 0.0011235955056 0.2483146067416 0.0460674157303 0.4280898876404 0.0573033707865 0.0235955056180 0.0573033707865 0.0235955056180 0.0797752808989
document 202 : 0.0021739130435 0.0021739130435 0.0891304347826 0.0021739130435 0.4804347826087 0.0021739130435 0.0239130434783 0.0021739130435 0.3717391304348 0.0239130434783
document 203 : 0.2425925925926 0.0018518518519 0.0944444444444 0.0574074074074 0.1129629629630 0.1129629629630 0.0018518518519 0.0574074074074 0.2796296296296 0.0388888888889
document 204 : 0.1556701030928 0.1865979381443 0.0422680412371 0.0835051546392 0.0113402061856 0.1659793814433 0.0113402061856 0.0938144329897 0.0835051546392 0.1659793814433
document 205 : 0.1169642857143 0.0991071428571 0.1080357142857 0.0366071428571 0.0812500000000 0.0008928571429 0.0187500000000 0.1526785714286 0.1258928571429 0.2598214285714
document 206 : 0.0094827586207 0.0698275862069 0.0612068965517 0.0008620689655 0.1387931034483 0.3025862068966 0.0525862068966 0.0956896551724 0.2422413793103 0.0267241379310
document 207 : 0.0106796116505 0.0786407766990 0.0203883495146 0.1563106796117 0.1466019417476 0.1368932038835 0.1174757281553 0.0980582524272 0.0009708737864 0.2339805825243
document 208 : 0.1677777777778 0.0677777777778 0.0566666666667 0.0677777777778 0.0011111111111 0.2344444444444 0.3233333333333 0.0344444444444 0.0455555555556 0.0011111111111
document 209 : 0.1916666666667 0.0011904761905 0.1083333333333 0.0369047619048 0.1797619047619 0.1797619047619 0.1321428571429 0.0011904761905 0.0130952380952 0.1559523809524
document 210 : 0.0546153846154 0.0469230769231 0.2469230769231 0.1084615384615 0.1776923076923 0.0315384615385 0.1623076923077 0.0700000000000 0.0084615384615 0.0930769230769
document 211 : 0.2089108910891 0.1792079207921 0.1693069306931 0.0108910891089 0.0009900990099 0.2386138613861 0.0603960396040 0.0603960396040 0.0009900990099 0.0702970297030
document 212 : 0.2350000000000 0.3850000000000 0.0183333333333 0.0016666666667 0.0850000000000 0.0516666666667 0.0183333333333 0.0683333333333 0.0016666666667 0.1350000000000
document 213 : 0.1297029702970 0.0801980198020 0.0801980198020 0.2683168316832 0.1297029702970 0.0405940594059 0.0504950495050 0.0405940594059 0.1099009900990 0.0702970297030
document 214 : 0.0192982456140 0.0894736842105 0.0894736842105 0.3000000000000 0.0017543859649 0.2824561403509 0.0017543859649 0.0017543859649 0.0017543859649 0.2122807017544
document 215 : 0.0010638297872 0.1712765957447 0.0010638297872 0.0968085106383 0.1180851063830 0.0117021276596 0.0223404255319 0.2776595744681 0.0010638297872 0.2989361702128
document 216 : 0.0134146341463 0.0987804878049 0.0134146341463 0.2207317073171 0.0012195121951 0.0012195121951 0.0012195121951 0.0012195121951 0.1231707317073 0.5256097560976
document 217 : 0.1610000000000 0.1310000000000 0.1310000000000 0.1110000000000 0.0210000000000 0.0610000000000 0.1810000000000 0.0010000000000 0.2010000000000 0.0010000000000
document 218 : 0.1341666666667 0.0258333333333 0.0758333333333 0.1508333333333 0.0675000000000 0.0008333333333 0.0591666666667 0.1175000000000 0.2425000000000 0.1258333333333
document 219 : 0.1836538461538 0.2509615384615 0.0682692307692 0.0971153846154 0.0009615384615 0.0298076923077 0.0394230769231 0.1259615384615 0.0682692307692 0.1355769230769
document 220 : 0.2729166666667 0.0645833333333 0.1687500000000 0.0020833333333 0.0437500000000 0.3145833333333 0.0020833333333 0.0020833333333 0.1270833333333 0.0020833333333
document 221 : 0.0017543859649 0.1421052631579 0.0017543859649 0.0368421052632 0.0368421052632 0.0368421052632 0.2122807017544 0.0017543859649 0.2122807017544 0.3175438596491
document 222 : 0.0010638297872 0.1925531914894 0.0223404255319 0.0329787234043 0.0010638297872 0.1925531914894 0.3095744680851 0.0010638297872 0.1819148936170 0.0648936170213
document 223 : 0.1620000000000 0.1620000000000 0.0020000000000 0.0020000000000 0.0020000000000 0.2820000000000 0.0820000000000 0.2020000000000 0.0020000000000 0.1020000000000
document 224 : 0.2280303030303 0.0992424242424 0.0083333333333 0.0537878787879 0.0159090909091 0.0386363636364 0.1446969696970 0.0613636363636 0.1446969696970 0.2053030303030
document 225 : 0.0515151515152 0.0010101010101 0.0010101010101 0.0212121212121 0.0616161616162 0.0717171717172 0.0111111111111 0.3242424242424 0.2737373737374 0.1828282828283
document 226 : 0.0012048192771 0.3626506024096 0.1578313253012 0.0253012048193 0.0012048192771 0.0373493975904 0.1216867469880 0.0012048192771 0.0614457831325 0.2301204819277
document 227 : 0.1191176470588 0.2220588235294 0.1632352941176 0.0161764705882 0.0455882352941 0.0602941176471 0.0308823529412 0.0014705882353 0.0014705882353 0.3397058823529
document 228 : 0.0012658227848 0.0012658227848 0.0012658227848 0.2291139240506 0.0265822784810 0.0518987341772 0.2797468354430 0.0518987341772 0.2544303797468 0.1025316455696
